xnod = [ ...        % posicion de los nodos
1.0000  0
1.3333  0
1.6667  0
2.0000  0
2.3333  0
2.6667  0
3.0000  0
0.9848  0.1736
1.3131  0.2315
1.6413  0.2894
1.9696  0.3473
2.2979  0.4052
2.6262  0.4631
2.9544  0.5209
0.9397  0.3420
1.2529  0.4560
1.5662  0.5700
1.8794  0.6840
2.1926  0.7980
2.5058  0.9121
2.8191  1.0261
0.8660  0.5000
1.1547  0.6667
1.4434  0.8333
1.7321  1.0000
2.0207  1.1667
2.3094  1.3333
2.5981  1.5000
0.7660  0.6428
1.0214  0.8571
1.2767  1.0713
1.5321  1.2856
1.8056  1.5151
2.0428  1.7141
2.2981  1.9284
0.6428  0.7660
0.8571  1.0214
1.0713  1.2767
1.2856  1.5321
1.4998  1.7874
1.7197  2.0380
1.9284  2.2981
0.5000  0.8660
0.6667  1.1547
0.8333  1.4434
1.0000  1.7321
1.1667  2.0207
1.3333  2.3094
1.5000  2.5981
0.3420  0.9397
0.4560  1.2529
0.5700  1.5662
0.6840  1.8794
0.7980  2.1926
0.9121  2.5058
1.0261  2.8191
0.1736  0.9848
0.2315  1.3131
0.2894  1.6413
0.3473  1.9696
0.4052  2.2979
0.4631  2.6262
0.5209  2.9544
0.0000  1.0000
0.0000  1.3333
0.0000  1.6667
0.0000  2.0000
0.0000  2.3333
0.0000  2.6667
0.0000  3.0000];

Pic = [...
    22 15 8  1  2  3  4  10 16
    22 16 10 4  11 18 25 24 23
    25 18 11 4  12 20 28 27 26
    28 20 12 4  5  6  7  14 21
    43 36 29 22 23 24 25 31 37
    43 37 31 25 32 39 46 45 44
    46 39 32 25 33 41 49 48 47
    49 41 33 25 26 27 28 35 42
    64 57 50 43 44 45 46 52 58
    64 58 52 46 53 60 67 66 65
    67 60 53 46 54 62 70 69 68
    70 62 54 46 47 48 49 56 63
    
    ];

LaG = [...
    1  4  22 2  3  10 16 15 8  9
    25 22 4  24 23 16 10 11 18 17
    28 25 4  27 26 18 11 12 20 19
    4  7  28 5  6  14 21 20 12 13
    22 25 43 23 24 31 37 36 29 30
    46 43 25 45 44 37 31 32 39 38
    49 46 25 48 47 39 32 33 41 40
    25 28 49 26 27 35 42 41 33 34
    43 46 64 44 45 52 58 57 50 51
    67 64 46 66 65 58 52 53 60 59
    70 67 46 69 68 60 53 54 62 61
    46 49 70 47 48 56 63 62 54 55
    ];
    
     
%% Se definen las restricciones 
%           nodo direccion desplazamiento(m)
% X = 1; Y = 2;
restricciones = [ 1   X  0       
                  1   Y  0 
                  7   X  0
                  7   Y  0
                  64  X  0
                  64  Y  0
                  70  X  0
                  70  Y  0 ];
         